Artigos
901051
895136
891905
888332
884171
880391
878413
874960
871441
868177
865631
862455
858496
850420
845112
841429
838892
834443
831255
827739
824873
822164
819147
815764
807205
800357
798198
795523
791706
785418
780801
777808
772705
768568
764846
761570
757129
752793
749489
745902
741686
735488
729587
725754
721635
718545
715233
711501
707646
703601
700266
696186
692488
688586
684567
681387
677675
673767
668802
664040
657268
630902
613680
608493
602597
589918
582525
576435
557523
549388
540697
534068
526429
518603
509676
503707
498309
490144
482805
475934
469055
462865
455992
448912
441544
434976
428699
421210
415595
408014
400284
372321
365385
359406
352685
345821
338638
331089
324312
278667
272329
266251
258790
251613
245106
239056
233218
227905
205787
193932
186250
180302
171307
160036
149793
139117
128726
122303
116545
110488
91282
84927
81100
77281
72391
59678
55401
50638
39155
34704
32257
30197
28280
26382
24485
22668
14192
12504
8460
6941
5255
4280
2480
1460
1219
1189
1189
1147
1099
869
769
674
560
507
482
412
320
287
262
239
217
207
190
162
146
141
133
127
124
118
100
23
16
5
3
