ArtigosPorDia
190
107
115
138
121
63
115
113
108
82
113
127
260
176
118
84
144
103
117
92
90
97
121
276
221
72
86
127
203
149
100
165
138
120
117
143
140
110
116
141
200
190
128
133
103
107
129
124
130
111
132
123
126
130
106
120
130
160
170
218
851
574
167
197
409
238
203
610
271
280
237
246
252
298
193
180
263
237
229
222
206
222
253
238
212
209
242
187
245
249
932
224
199
217
237
232
244
226
1472
211
196
241
239
210
202
188
190
713
382
256
192
300
364
330
356
335
214
186
216
620
205
128
123
163
410
138
159
370
148
79
74
62
61
63
59
283
54
130
51
54
33
58
35
8
1
0
1
2
7
3
3
4
2
1
3
3
1
1
1
1
0
1
1
1
0
0
0
0
0
1
2
0
0
0
0
