Ativos
1474
1395
1467
1360
1518
1621
1612
1540
1531
1579
1631
1700
1550
1538
1412
1474
1706
1583
1515
1443
1390
1529
1396
1542
1389
1346
1350
1360
1416
1566
1581
1717
1645
1598
1540
1790
1571
1535
1498
1532
1586
1735
1685
1659
1618
1589
1630
1736
1661
1490
1556
1621
1655
1728
1677
1603
1615
1673
1712
1958
1763
1660
1626
1635
1705
1758
1685
1848
1861
1797
1801
1907
1702
1635
1772
1797
1913
1893
1728
1801
1687
1703
1662
1819
1599
1608
1631
1686
1726
1883
1750
1860
1768
1689
1704
1830
1625
1696
1737
1614
1495
1533
1517
1565
1552
1509
1279
1317
1321
1265
1276
1254
1209
1133
988
956
866
864
816
699
504
423
401
343
357
360
298
273
259
184
172
154
156
144
101
97
76
78
52
51
44
34
16
12
7
0
1
1
1
1
1
1
1
1
1
1
1
1
1
1
1
1
1
1
1
1
1
1
1
1
1
1
1
0
1
