EdiçõesMês
204839
223351
193034
210581
194453
195560
191740
193686
194362
176527
167727
178272
173023
247489
181953
164348
187036
152949
197175
186950
184692
196969
166396
176613
231097
159831
145549
158021
166438
204402
224159
256397
269224
752027
275195
311370
286694
243480
285982
254968
315053
307611
253693
272548
260720
253048
309892
306960
260987
250241
253605
252754
283155
311954
273952
304844
316736
293408
263882
330076
314730
283176
249079
262538
306818
280386
297062
408296
331854
310091
284639
293441
284079
263331
316883
270823
293666
265275
265830
273089
251615
246182
254138
265677
249207
260002
258147
309586
275797
266843
309025
299172
253985
265101
272869
259433
235219
233111
326807
241818
255020
240977
208728
266845
206056
234775
185994
260536
331436
223880
212712
181650
194964
189458
186034
153637
169061
134758
118429
161470
92105
69991
66879
52529
71245
63018
80478
65475
42798
28782
26899
20298
23767
23607
17406
25713
13703
16585
9951
7560
5189
5478
3973
960
263
0
130
120
505
195
186
184
98
54
129
150
67
35
42
29
29
24
42
22
6
16
10
6
12
35
109
13
12
2
7
