EdiçõesHumanos
185330
203043
183773
172622
189522
191781
189294
190018
189903
171778
153931
171030
162758
177056
154216
153843
164186
146609
143069
162956
167158
188757
158006
166820
145657
136854
142472
152421
159559
196766
213983
230484
194019
178525
163501
198186
169134
158852
158492
159782
180660
187095
172113
187786
175312
172829
178282
188162
179098
173766
180566
186361
204801
196834
177321
187740
190494
208076
194579
223720
203994
189629
181905
190550
190066
198660
197124
225656
218310
220497
205084
205178
194516
180634
202309
198906
208972
201003
195557
203852
185231
186254
171361
194343
183484
178384
185972
185565
198527
201015
197884
204477
198778
198821
185473
208189
163035
185199
198645
175978
164512
164580
155043
171315
151554
151640
127257
177447
167866
174242
156744
151828
151922
135982
131838
127266
107606
100323
94917
92152
66245
50037
51002
39841
53976
47347
42378
46213
37120
24794
21412
19837
19542
19610
16187
15621
13681
16573
9920
7407
5160
5291
3434
929
263
0
130
120
505
195
186
184
98
54
129
150
67
35
42
29
29
24
42
22
6
16
10
6
12
35
109
13
12
2
6
