MediaEdições
33.791
33.786
33.658
33.576
33.496
33.419
33.315
33.227
33.139
33.040
32.933
32.860
32.804
32.912
32.826
32.753
32.728
32.721
32.663
32.563
32.45
32.332
32.21
32.14
32.262
32.249
32.136
32.061
32.016
32.061
31.989
31.824
31.702
31.522
30.692
30.463
30.231
30.024
29.831
29.591
29.416
29.235
29.05
28.854
28.641
28.401
28.179
27.891
27.61
27.397
27.17
26.965
26.744
26.485
26.185
25.905
25.597
25.275
25.024
24.806
24.559
25.087
25.33
25.136
24.946
24.962
24.798
24.545
24.645
24.406
24.225
23.992
23.783
23.594
23.491
23.14
22.847
22.629
22.423
22.188
21.931
21.681
21.468
21.241
20.993
20.737
20.435
20.185
19.713
19.403
19.111
19.716
19.272
18.886
18.494
18.072
17.689
17.382
17.027
18.643
18.189
17.646
17.224
16.886
16.245
15.794
15.183
14.721
15.037
14.247
13.633
12.903
12.52
12.183
11.752
11.316
11.036
10.233
9.583
9.036
9.169
8.77
8.321
7.867
7.672
8.113
7.602
6.728
7.029
6.697
6.312
5.852
5.531
5.028
4.454
4.043
4.646
4.177
4.213
3.701
3.45
3.024
3.01
2.392
2.077
1.908
1.908
1.865
1.837
1.742
1.715
1.681
1.695
1.679
1.654
1.621
1.619
1.571
1.588
1.565
1.59
1.527
1.537
1.543
1.562
1.574
1.549
1.543
1.532
1.508
1.43
1.478
1.313
1.8
2.333
