MuitoAtivos
195
186
178
180
190
197
185
188
208
202
185
206
183
169
169
165
164
162
152
158
171
180
180
190
171
157
155
166
201
215
199
225
210
196
205
219
216
192
186
193
206
230
214
226
204
222
219
262
224
196
220
221
238
253
209
218
221
215
234
271
246
212
205
232
227
236
212
224
246
240
235
247
210
194
196
221
235
237
228
218
211
226
213
249
228
213
198
202
228
242
219
232
224
225
207
233
206
195
224
208
193
195
194
194
170
183
156
197
191
178
161
160
162
150
129
130
126
131
116
104
90
69
68
48
62
68
61
55
52
37
29
36
34
29
27
25
23
22
14
14
9
7
4
2
1
0
1
1
1
1
1
1
0
0
1
1
0
0
0
0
0
0
0
0
0
0
0
0
0
0
1
0
0
0
0
