NovosWikipedistas
297
302
306
263
330
321
393
326
330
334
381
422
309
337
301
312
423
333
341
301
291
332
253
329
256
223
237
223
233
331
330
416
333
327
286
329
323
267
272
292
285
352
321
349
310
282
317
333
347
290
275
285
326
344
356
326
312
354
383
413
417
327
352
362
378
416
357
423
443
439
420
454
431
392
410
446
454
481
407
436
409
424
393
482
387
399
381
409
454
507
452
473
501
428
479
531
444
472
488
457
429
437
439
475
484
456
368
387
443
391
430
409
418
390
321
319
294
294
316
264
165
142
122
102
116
127
103
94
95
68
51
49
64
63
30
36
24
42
12
23
21
16
8
4
4
0
0
0
0
0
0
0
0
0
0
0
0
0
0
0
0
0
0
0
0
0
0
0
0
0
0
0
0
0
0
