Redirecionamentos
702138
697844
694640
691737
688143
684756
683230
680406
676993
674215
672110
669765
666966
664085
648222
639548
643539
640997
638598
636824
634255
631991
628000
625000
622000
618000
616000
613000
610000
607000
604000
601000
597000
594000
591000
588000
584000
580000
578000
575000
573000
570000
565000
562000
559000
556000
554000
552000
549000
546000
543000
540000
537000
534000
532000
529000
527000
524000
521000
518000
514000
509000
506000
503000
500000
497000
494000
490000
486000
481000
476000
472000
468000
463000
458000
455000
451000
445000
440000
435000
430000
425000
421000
417000
411000
405000
400000
395000
391000
386000
379000
361000
356000
351000
344000
335000
329000
322000
315000
308000
302000
267000
240000
221000
213000
209000
195000
184000
179000
75000
70000
66000
61000
56000
51000
47000
43000
40000
36000
32000
28000
25000
23000
21000
19000
17000
14000
12000
9700
7900
6800
5900
5000
4100
3400
2800
2200
1800
1200
886
685
532
373
257
151
144
144
137
133
120
112
107
91
84
81
73
63
60
60
57
53
47
46
43
39
39
37
37
36
33
27
4
2
1
1
