Reversões
17178
21159
19882
20970
20223
18625
21941
22909
23510
20362
15026
14909
15017
19646
17964
19557
19456
14673
15366
20049
20283
21998
17765
14279
11471
14924
16287
17642
18022
23608
30479
33954
30269
37059
17340
15663
15773
20020
20114
19396
20487
19264
21696
25394
24188
22291
20545
19003
17847
21570
24824
24855
32681
19630
21300
22349
22143
26238
22895
19636
17748
21828
20455
21515
20181
15737
18724
22275
22985
21668
15495
15248
14896
17282
19085
21511
20010
17426
19651
20652
18563
22994
17053
16265
16047
22051
22540
20117
19449
14971
19605
20043
19739
19120
14797
15225
10671
15620
16854
15596
11971
11076
12204
14217
12114
12987
9204
10514
9947
13058
11316
10012
11178
8129
10095
8542
6115
6681
4560
4364
2918
2992
2933
1970
2319
1628
1863
1533
1444
990
708
642
540
597
391
348
270
163
148
84
96
81
27
3
3
0
1
1
1
0
2
0
0
0
0
0
0
0
0
0
1
0
0
0
0
0
0
0
0
1
0
0
0
0
0
