Wikipedistas
45523
45226
44924
44618
44355
44025
43704
43311
42985
42655
42321
41940
41518
41209
40872
40571
40402
39978
39645
39304
39003
38712
38380
38127
37798
37542
37319
37082
36859
36626
36295
35965
35549
35216
34889
34603
34274
33951
33684
33412
33120
32835
32483
32162
31813
31503
31221
30904
30571
30224
29934
29659
29374
29048
28704
28348
28022
27710
27356
26973
26560
26143
25816
25464
25102
24724
24308
23951
23528
23085
22646
22226
21772
21341
20949
20539
20093
19639
19158
18751
18315
17906
17482
17089
16607
16220
15821
15440
15031
14577
14070
13618
13145
12644
12216
11737
11206
10762
10290
9802
9345
8916
8479
8040
7565
7081
6625
6257
5870
5427
5036
4606
4197
3779
3389
3068
2749
2455
2161
1845
1581
1416
1274
1152
1050
934
807
704
610
515
447
396
347
283
220
190
154
130
88
76
53
32
16
8
4
0
0
0
0
0
0
0
0
0
0
0
0
0
0
0
0
0
0
0
0
0
0
0
0
0
0
0
0
0
0
