Saúde:Edições
5275
4658
4822
4812
3779
2755
3993
6431
7611
5231
4730
3309
5173
5027
4513
5360
4297
2690
4826
4503
3737
4252
4078
3970
6952
7161
7001
16278
5312
5314
5113
5903
5997
5599
6814
4839
7017
7768
6512
6208
7145
6151
4902
6525
6350
6769
6587
5703
7268
6756
6362
7015
5761
5569
5283
6833
6232
6138
6491
5249
7479
7726
8236
8092
6723
5684
6356
6126
7253
8737
7807
6296
8370
8926
7874
8555
6919
5774
6786
8509
8971
9264
7949
6588
9480
9013
9869
8912
8654
7570
5411
7253
7988
6790
6396
6354
6373
9379
8267
6755
4865
6767
5288
6930
6849
6108
5672
5125
5878
5754
4507
5295
3477
3720
2488
2433
2635
1399
2142
2276
1658
1708
1532
878
1454
1012
1013
1139
775
580
388
596
519
289
225
183
178
237
24
0
3
4
25
9
6
7
3
8
6
17
15
2
2
1
3
2
3
1
0
1
2
1
0
1
6
0
0
0
0
