Saúde:EdiçõesHumanos
5225
4573
4698
4667
3285
2691
3923
6173
5038
4629
4424
3205
3579
4378
4312
5077
4087
2604
3249
3420
3569
4037
3770
3726
6402
6569
5792
4223
3504
3409
3526
4359
4068
3748
3819
2761
4948
5092
4391
4355
3645
3157
2989
4731
4515
4924
4570
3410
4873
4866
4675
4959
3971
3446
3487
4725
4200
4271
4445
3510
5271
5481
5887
5846
4725
3778
3732
4081
5275
6032
5611
4749
6442
6658
5958
6453
4789
3936
4517
5574
6392
6478
6139
5149
7702
7305
8504
7581
6275
5990
3782
5725
6366
5603
5500
4848
5292
6635
6996
5418
3667
5311
4438
5946
5286
5542
4692
3692
4749
4787
3237
4303
2950
2294
1845
1676
1942
1228
1336
1858
1488
1328
1496
861
1212
1000
750
803
766
472
388
596
519
288
220
179
177
237
24
0
3
4
25
9
6
7
3
8
6
17
15
2
2
1
3
2
3
1
0
1
2
1
1
1
6
0
0
0
0
