Saúde:Editores
386
369
398
357
342
306
306
339
347
331
343
298
324
356
311
342
326
281
275
299
317
316
314
314
325
365
335
310
328
311
296
335
345
324
323
314
389
381
340
355
333
337
341
367
357
412
358
356
381
372
364
372
347
367
348
362
351
357
370
382
412
445
447
421
399
398
379
362
469
463
457
436
439
488
443
468
393
403
363
445
442
457
447
427
470
471
455
432
431
418
405
470
477
454
401
361
386
439
431
409
319
328
331
373
337
338
299
306
276
280
250
255
240
204
162
129
134
118
116
123
102
107
89
71
77
77
70
60
42
44
32
32
31
29
23
17
8
6
2
0
1
1
1
1
1
1
1
1
1
1
1
1
1
1
1
1
1
1
0
1
1
1
0
1
1
0
0
0
0
