Saúde:AtivosEditando
241
221
254
214
206
217
209
208
202
205
221
193
199
213
208
232
221
202
201
204
203
208
220
232
252
253
227
219
229
231
216
242
240
231
231
239
271
258
242
261
230
245
239
257
250
285
265
252
254
236
249
254
234
263
251
243
246
264
258
260
281
290
308
300
279
293
258
254
291
319
307
320
296
315
300
324
277
293
273
290
295
309
308
299
330
340
303
302
304
317
293
327
327
316
297
268
271
301
306
279
238
268
261
281
245
268
238
236
217
224
198
195
189
169
135
109
114
98
93
103
89
92
74
60
64
67
64
52
39
35
31
29
26
22
19
14
8
5
2
0
1
1
1
1
1
1
1
1
1
1
1
1
1
1
1
1
1
1
0
1
1
1
0
1
1
0
0
0
0
